1,40.7085,-74.3317	
4,40.7709,-73.2822	
5,40.7781,-73.9607	
6,40.6426,-73.9553	
7,40.5024,-74.4346	
8,40.7837,-73.1368	
9,41.104,-73.4318	
13,40.7697,-73.8726	
17,40.6817,-73.7323	
18,40.6947,-74.1768	
19,40.9162,-72.7006	
23,40.2639,-74.101	
24,40.7557,-73.982	
25,40.2256,-74.5845	
27,40.8091,-74.2284	
29,41.1463,-73.7985	
38,40.7909,-73.5464	
39,40.7491,-73.7713	
40,41.2817,-72.9803	
41,40.8036,-74.4352	
44,40.3301,-74.6445	
48,40.646,-73.7841	
50,40.683,-73.9849	
52,40.6691,-73.611	
54,40.7749,-73.4443	
56,40.2643,-74.3553	
60,40.5638,-74.2763	
62,41.1578,-73.2603	
66,40.8853,-73.9896	
68,40.8177,-74.0836	
70,40.7106,-73.9478	
71,41.038,-73.5888	
74,40.9874,-73.7834	
75,42.1166,-72.0666	
78,40.8742,-73.1578	
79,40.728,-74.0004	
81,40.7559,-73.6478	
82,41.5189,-72.8152	
87,40.7045,-73.8499	
95,41.0029,-74.1036	
97,40.8504,-73.9134	
98,40.5945,-74.6245	
