1,40.6765,-74.4258	
4,40.7709,-73.2822	
5,40.7876,-73.9545	
6,40.6364,-73.9524	
7,40.4924,-74.4375	
8,40.7837,-73.1368	
9,41.1049,-73.4295	
13,40.7701,-73.8711	
17,40.6468,-73.7151	
18,40.6948,-74.1769	
19,40.9162,-72.7006	
23,40.2873,-74.1144	
24,40.7592,-73.9789	
25,40.2256,-74.5845	
27,40.7399,-74.2966	
29,41.3098,-73.9623	
38,40.8,-73.5486	
39,40.7446,-73.7122	
40,41.2817,-72.9803	
41,40.815,-74.4264	
44,40.3301,-74.6445	
48,40.6472,-73.786	
50,40.6822,-73.9844	
52,40.6737,-73.5429	
54,40.7901,-73.4429	
56,40.2643,-74.3553	
60,40.5719,-74.2867	
62,41.1589,-73.2558	
66,40.8864,-74.0112	
68,40.8223,-74.1432	
70,40.71,-73.9469	
71,41.039,-73.5837	
74,41.0359,-73.7455	
75,42.1166,-72.0666	
78,40.8742,-73.1578	
79,40.7293,-73.9995	
81,40.7423,-73.6258	
82,41.5189,-72.8152	
87,40.7308,-73.8	
95,41.008,-74.116	
97,40.9022,-73.8692	
98,40.587,-74.6321	
