1,40.7087,-74.3314	
4,40.7709,-73.2822	
5,40.778,-73.9608	
6,40.6424,-73.9558	
7,40.5024,-74.4346	
8,40.7837,-73.1368	
9,41.104,-73.4318	
13,40.7697,-73.8726	
17,40.6851,-73.7319	
18,40.6947,-74.1768	
19,40.9162,-72.7006	
23,40.2639,-74.101	
24,40.7557,-73.982	
25,40.2256,-74.5845	
27,40.8101,-74.2271	
29,41.1208,-73.8079	
38,40.7868,-73.5482	
39,40.7464,-73.7784	
40,41.2817,-72.9803	
41,40.8036,-74.4352	
44,40.3301,-74.6445	
48,40.646,-73.7841	
50,40.6831,-73.9849	
52,40.6742,-73.6123	
54,40.7749,-73.4443	
56,40.2643,-74.3553	
60,40.5639,-74.2763	
62,41.1578,-73.2603	
66,40.883,-73.9853	
68,40.8176,-74.0829	
70,40.7106,-73.9478	
71,41.038,-73.5888	
74,40.9842,-73.7822	
75,42.1166,-72.0666	
78,40.8742,-73.1578	
79,40.728,-74.0004	
81,40.7596,-73.6543	
82,41.5189,-72.8152	
87,40.7037,-73.8523	
95,40.9939,-74.0982	
97,40.8501,-73.9137	
98,40.5945,-74.6245	
