1,40.7028,-74.3434	
4,40.7709,-73.2822	
5,40.7786,-73.9604	
6,40.642,-73.9541	
7,40.5024,-74.4346	
8,40.7837,-73.1368	
9,41.1061,-73.425	
13,40.7696,-73.8726	
17,40.6716,-73.7256	
18,40.6945,-74.1766	
19,40.9162,-72.7006	
23,40.2873,-74.1144	
24,40.7561,-73.9817	
25,40.2256,-74.5845	
27,40.7927,-74.2406	
29,41.2204,-73.7796	
38,40.7966,-73.5455	
39,40.7549,-73.7518	
40,41.2817,-72.9803	
41,40.8049,-74.4343	
44,40.3301,-74.6445	
48,40.6461,-73.7842	
50,40.6829,-73.9848	
52,40.6667,-73.5983	
54,40.7785,-73.4426	
56,40.2643,-74.3553	
60,40.5682,-74.2766	
62,41.1578,-73.2603	
66,40.8852,-74.0017	
68,40.8216,-74.102	
70,40.7106,-73.9476	
71,41.0394,-73.5861	
74,40.9933,-73.7821	
75,42.1166,-72.0666	
78,40.8742,-73.1578	
79,40.7283,-74.0002	
81,40.7496,-73.6332	
82,41.5189,-72.8152	
87,40.7091,-73.8412	
95,41.0109,-74.1086	
97,40.8531,-73.9111	
98,40.5945,-74.6245	
