1,40.6897,-74.5091	
4,40.7747,-73.28	
5,40.811,-73.9436	
6,40.6043,-73.8979	
7,40.4764,-74.4439	
8,40.7914,-73.1424	
9,41.1173,-73.4037	
13,40.7705,-73.8694	
17,40.6449,-73.7258	
18,40.6937,-74.1771	
19,40.9162,-72.7006	
23,40.2873,-74.1144	
24,40.758,-73.9777	
25,40.2256,-74.5845	
27,40.7165,-74.3145	
29,41.3123,-73.9068	
38,40.8447,-73.5168	
39,40.7092,-73.6938	
40,41.2817,-72.9803	
41,40.809,-74.4275	
44,40.3301,-74.6445	
48,40.6509,-73.7864	
50,40.6811,-73.9795	
52,40.696,-73.4705	
54,40.7867,-73.4525	
56,40.2643,-74.3553	
60,40.549,-74.333	
62,41.1605,-73.2402	
66,40.919,-74.0463	
68,40.8185,-74.1677	
70,40.6979,-73.9351	
71,41.0435,-73.5739	
74,41.1791,-73.7258	
75,42.1166,-72.0666	
78,40.8805,-73.1439	
79,40.7267,-74.0014	
81,40.7405,-73.5988	
82,41.5189,-72.8152	
87,40.7725,-73.7372	
95,41.0179,-74.1759	
97,40.9931,-73.7798	
98,40.5788,-74.6308	
