1,40.6782,-74.4788	
4,40.7718,-73.2853	
5,40.8041,-73.947	
6,40.6159,-73.9369	
7,40.4885,-74.4417	
8,40.7837,-73.1368	
9,41.1127,-73.4113	
13,40.7688,-73.8706	
17,40.6446,-73.7255	
18,40.6941,-74.177	
19,40.9162,-72.7006	
23,40.2873,-74.1144	
24,40.7601,-73.977	
25,40.2256,-74.5845	
27,40.7212,-74.3108	
29,41.3098,-73.9623	
38,40.8365,-73.5347	
39,40.7079,-73.6986	
40,41.2817,-72.9803	
41,40.8102,-74.4259	
44,40.3301,-74.6445	
48,40.6496,-73.7862	
50,40.6797,-73.9822	
52,40.6936,-73.4831	
54,40.7864,-73.4528	
56,40.2643,-74.3553	
60,40.554,-74.3121	
62,41.1605,-73.2402	
66,40.9031,-74.0348	
68,40.8189,-74.1611	
70,40.7064,-73.9443	
71,41.0397,-73.5831	
74,41.1529,-73.7385	
75,42.1166,-72.0666	
78,40.8742,-73.1578	
79,40.7286,-74.0002	
81,40.7397,-73.6063	
82,41.5189,-72.8152	
87,40.7614,-73.7508	
95,41.0078,-74.1529	
97,40.9802,-73.7923	
98,40.5845,-74.6344	
