1,40.7087,-74.3314	
4,40.7709,-73.2822	
5,40.7779,-73.9608	
6,40.6421,-73.9564	
7,40.5024,-74.4346	
8,40.7837,-73.1368	
9,41.104,-73.4318	
13,40.7698,-73.8727	
17,40.6891,-73.7323	
18,40.6947,-74.1768	
19,40.9162,-72.7006	
23,40.2639,-74.101	
24,40.7556,-73.9821	
25,40.2256,-74.5845	
27,40.8112,-74.2256	
29,41.0951,-73.8244	
38,40.7852,-73.5489	
39,40.7447,-73.7863	
40,41.2817,-72.9803	
41,40.8036,-74.4352	
44,40.3301,-74.6445	
48,40.646,-73.7841	
50,40.6832,-73.9848	
52,40.6794,-73.6124	
54,40.7757,-73.4436	
56,40.2643,-74.3553	
60,40.5638,-74.2763	
62,41.1578,-73.2603	
66,40.882,-73.9823	
68,40.8175,-74.0815	
70,40.7106,-73.9478	
71,41.038,-73.5888	
74,40.9804,-73.7783	
75,42.1166,-72.0666	
78,40.8742,-73.1578	
79,40.728,-74.0004	
81,40.7617,-73.6596	
82,41.5189,-72.8152	
87,40.7021,-73.8556	
95,40.9886,-74.0963	
97,40.8499,-73.9139	
98,40.5945,-74.6245	
