1,40.6746,-74.44	
4,40.7709,-73.2822	
5,40.7926,-73.9515	
6,40.6326,-73.9505	
7,40.4924,-74.4375	
8,40.7837,-73.1368	
9,41.107,-73.4227	
13,40.769,-73.8705	
17,40.6425,-73.7208	
18,40.6947,-74.1769	
19,40.9162,-72.7006	
23,40.2873,-74.1144	
24,40.76,-73.9781	
25,40.2256,-74.5845	
27,40.7335,-74.3018	
29,41.3098,-73.9623	
38,40.8017,-73.5488	
39,40.723,-73.7043	
40,41.2817,-72.9803	
41,40.813,-74.4256	
44,40.3301,-74.6445	
48,40.648,-73.7864	
50,40.6815,-73.9841	
52,40.6835,-73.5182	
54,40.7905,-73.4435	
56,40.2643,-74.3553	
60,40.5693,-74.29	
62,41.1589,-73.2558	
66,40.8898,-74.0176	
68,40.821,-74.1488	
70,40.7094,-73.9468	
71,41.0346,-73.5916	
74,41.0544,-73.7361	
75,42.1166,-72.0666	
78,40.8742,-73.1578	
79,40.7294,-73.9995	
81,40.7384,-73.6228	
82,41.5189,-72.8152	
87,40.7412,-73.7832	
95,41.0082,-74.1229	
97,40.9409,-73.8279	
98,40.587,-74.6321	
