1,40.7061,-74.3339	
4,40.7709,-73.2822	
5,40.7783,-73.9606	
6,40.6425,-73.9545	
7,40.5024,-74.4346	
8,40.7837,-73.1368	
9,41.1061,-73.425	
13,40.7696,-73.8725	
17,40.6765,-73.7317	
18,40.6945,-74.1767	
19,40.9162,-72.7006	
23,40.2639,-74.101	
24,40.7558,-73.9819	
25,40.2256,-74.5845	
27,40.8045,-74.2335	
29,41.1832,-73.7809	
38,40.7941,-73.5462	
39,40.7526,-73.7604	
40,41.2817,-72.9803	
41,40.8036,-74.4352	
44,40.3301,-74.6445	
48,40.6461,-73.7842	
50,40.6829,-73.9849	
52,40.6651,-73.6073	
54,40.7749,-73.4443	
56,40.2643,-74.3553	
60,40.5639,-74.2763	
62,41.1578,-73.2603	
66,40.8866,-73.9956	
68,40.8166,-74.087	
70,40.7106,-73.9477	
71,41.0389,-73.5873	
74,40.9906,-73.7835	
75,42.1166,-72.0666	
78,40.8742,-73.1578	
79,40.7281,-74.0003	
81,40.7511,-73.6391	
82,41.5189,-72.8152	
87,40.7069,-73.8452	
95,41.0085,-74.1071	
97,40.8514,-73.9126	
98,40.5945,-74.6245	
