1,40.6751,-74.4069	
4,40.7709,-73.2822	
5,40.7839,-73.9567	
6,40.6385,-73.9531	
7,40.4927,-74.4339	
8,40.7837,-73.1368	
9,41.104,-73.4318	
13,40.7687,-73.872	
17,40.6528,-73.7121	
18,40.6948,-74.1768	
19,40.9162,-72.7006	
23,40.2873,-74.1144	
24,40.7583,-73.9799	
25,40.2256,-74.5845	
27,40.7467,-74.2916	
29,41.3115,-73.917	
38,40.7988,-73.5481	
39,40.7522,-73.7188	
40,41.2817,-72.9803	
41,40.8135,-74.4289	
44,40.3301,-74.6445	
48,40.6466,-73.7852	
50,40.6825,-73.9845	
52,40.6707,-73.5571	
54,40.7839,-73.4424	
56,40.2643,-74.3553	
60,40.5754,-74.2831	
62,41.1578,-73.2603	
66,40.8838,-74.0082	
68,40.8236,-74.1394	
70,40.7104,-73.9469	
71,41.0418,-73.5778	
74,41.0225,-73.7549	
75,42.1166,-72.0666	
78,40.8742,-73.1578	
79,40.7291,-73.9997	
81,40.7426,-73.6253	
82,41.5189,-72.8152	
87,40.7233,-73.8154	
95,41.0063,-74.1134	
97,40.8797,-73.8829	
98,40.587,-74.6321	
