1,40.6981,-74.5445	
4,40.7936,-73.2439	
5,40.8478,-73.9332	
6,40.5904,-73.8201	
7,40.4454,-74.4378	
8,40.782,-73.1255	
9,41.146,-73.3216	
13,40.8614,-73.8514	
17,40.6342,-73.7327	
18,40.6646,-74.1964	
19,40.9162,-72.7006	
23,40.2639,-74.101	
24,40.7499,-73.9785	
25,40.2423,-74.5555	
27,40.7103,-74.3108	
29,41.3123,-73.9067	
38,40.8889,-73.4876	
39,40.7004,-73.6771	
40,41.2433,-73.0159	
41,40.81,-74.4368	
44,40.308,-74.6388	
48,40.6618,-73.7919	
50,40.6751,-73.9777	
52,40.6962,-73.4456	
54,40.7912,-73.4215	
56,40.2643,-74.3553	
60,40.5241,-74.4139	
62,41.1648,-73.214	
66,41.0037,-74.0651	
68,40.8159,-74.2089	
70,40.6699,-73.9246	
71,41.0487,-73.5617	
74,41.1915,-73.7088	
75,42.1166,-72.0666	
78,40.8929,-73.1167	
79,40.716,-74.0178	
81,40.7486,-73.5856	
82,41.4471,-72.8598	
87,40.823,-73.6968	
95,41.0454,-74.1521	
97,41.0284,-73.7724	
98,40.5744,-74.6302	
