1,40.708,-74.3321	
4,40.7709,-73.2822	
5,40.7782,-73.9607	
6,40.6426,-73.9548	
7,40.5024,-74.4346	
8,40.7837,-73.1368	
9,41.1035,-73.4292	
13,40.7696,-73.8725	
17,40.6791,-73.7321	
18,40.6946,-74.1767	
19,40.9162,-72.7006	
23,40.2639,-74.101	
24,40.7558,-73.982	
25,40.2256,-74.5845	
27,40.8076,-74.2309	
29,41.1634,-73.7887	
38,40.7921,-73.5464	
39,40.7514,-73.7649	
40,41.2817,-72.9803	
41,40.8036,-74.4352	
44,40.3301,-74.6445	
48,40.646,-73.7842	
50,40.6829,-73.9849	
52,40.6653,-73.609	
54,40.7749,-73.4443	
56,40.2643,-74.3553	
60,40.5639,-74.2763	
62,41.1578,-73.2603	
66,40.8859,-73.9925	
68,40.8169,-74.0854	
70,40.7106,-73.9477	
71,41.0384,-73.5885	
74,40.9889,-73.7836	
75,42.1166,-72.0666	
78,40.8742,-73.1578	
79,40.728,-74.0004	
81,40.7524,-73.6412	
82,41.5189,-72.8152	
87,40.7058,-73.8475	
95,41.0055,-74.1056	
97,40.8509,-73.9131	
98,40.5945,-74.6245	
