1,40.6828,-74.3847	
4,40.7709,-73.2822	
5,40.782,-73.958	
6,40.6396,-73.9535	
7,40.4927,-74.4339	
8,40.7837,-73.1368	
9,41.1061,-73.425	
13,40.769,-73.8726	
17,40.6585,-73.7137	
18,40.6947,-74.1767	
19,40.9162,-72.7006	
23,40.2873,-74.1144	
24,40.7575,-73.9805	
25,40.2256,-74.5845	
27,40.753,-74.2818	
29,41.2894,-73.8789	
38,40.798,-73.5458	
39,40.7563,-73.7287	
40,41.2817,-72.9803	
41,40.8118,-74.4293	
44,40.3301,-74.6445	
48,40.6463,-73.7843	
50,40.6827,-73.9845	
52,40.6688,-73.5657	
54,40.782,-73.4411	
56,40.2643,-74.3553	
60,40.5756,-74.2788	
62,41.1578,-73.2603	
66,40.8819,-74.007	
68,40.8242,-74.1365	
70,40.7107,-73.9471	
71,41.0445,-73.5778	
74,41.0166,-73.7596	
75,42.1166,-72.0666	
78,40.8742,-73.1578	
79,40.7289,-73.9999	
81,40.7436,-73.6265	
82,41.5189,-72.8152	
87,40.7172,-73.8268	
95,41.0062,-74.1109	
97,40.8708,-73.8934	
98,40.5917,-74.6292	
