1,40.6983,-74.3572	
4,40.7709,-73.2822	
5,40.7795,-73.9598	
6,40.6412,-73.9538	
7,40.5004,-74.4347	
8,40.7837,-73.1368	
9,41.1061,-73.425	
13,40.7694,-73.8726	
17,40.6659,-73.7167	
18,40.6945,-74.1766	
19,40.9162,-72.7006	
23,40.2873,-74.1144	
24,40.7566,-73.9813	
25,40.2256,-74.5845	
27,40.774,-74.2547	
29,41.2496,-73.7794	
38,40.7966,-73.5455	
39,40.7572,-73.743	
40,41.2817,-72.9803	
41,40.8089,-74.4337	
44,40.3301,-74.6445	
48,40.6462,-73.7842	
50,40.6828,-73.9846	
52,40.6679,-73.5837	
54,40.7807,-73.4415	
56,40.2643,-74.3553	
60,40.5707,-74.2771	
62,41.1578,-73.2603	
66,40.8818,-74.0069	
68,40.824,-74.1214	
70,40.7107,-73.9474	
71,41.0405,-73.5827	
74,41.0025,-73.7728	
75,42.1166,-72.0666	
78,40.8742,-73.1578	
79,40.7285,-74.0001	
81,40.7475,-73.6303	
82,41.5189,-72.8152	
87,40.7116,-73.8359	
95,41.0085,-74.1133	
97,40.8572,-73.9073	
98,40.5917,-74.6292	
