1,40.6753,-74.4464	
4,40.7718,-73.2853	
5,40.7976,-73.9492	
6,40.6257,-73.947	
7,40.4921,-74.439	
8,40.7837,-73.1368	
9,41.1096,-73.418	
13,40.7686,-73.8704	
17,40.643,-73.724	
18,40.6944,-74.177	
19,40.9162,-72.7006	
23,40.2873,-74.1144	
24,40.7606,-73.9774	
25,40.2256,-74.5845	
27,40.7269,-74.3061	
29,41.3098,-73.9623	
38,40.8099,-73.5429	
39,40.7126,-73.7017	
40,41.2817,-72.9803	
41,40.8106,-74.4266	
44,40.3301,-74.6445	
48,40.6487,-73.7865	
50,40.6805,-73.9835	
52,40.6881,-73.4994	
54,40.7886,-73.4474	
56,40.2643,-74.3553	
60,40.5601,-74.3004	
62,41.1595,-73.2456	
66,40.8958,-74.0263	
68,40.8203,-74.156	
70,40.7087,-73.9465	
71,41.0378,-73.5891	
74,41.1016,-73.7315	
75,42.1166,-72.0666	
78,40.8742,-73.1578	
79,40.7292,-73.9996	
81,40.7392,-73.6171	
82,41.5189,-72.8152	
87,40.7503,-73.7679	
95,41.0069,-74.1365	
97,40.9644,-73.8057	
98,40.587,-74.6321	
