1,40.7012,-74.3487	
4,40.7709,-73.2822	
5,40.779,-73.9601	
6,40.6417,-73.9539	
7,40.5004,-74.4347	
8,40.7837,-73.1368	
9,41.1061,-73.425	
13,40.7695,-73.8726	
17,40.6684,-73.7208	
18,40.6945,-74.1766	
19,40.9162,-72.7006	
23,40.2873,-74.1144	
24,40.7563,-73.9815	
25,40.2256,-74.5845	
27,40.7847,-74.2459	
29,41.2336,-73.7798	
38,40.7966,-73.5455	
39,40.7551,-73.7481	
40,41.2817,-72.9803	
41,40.807,-74.4337	
44,40.3301,-74.6445	
48,40.6462,-73.7842	
50,40.6828,-73.9847	
52,40.667,-73.593	
54,40.7807,-73.4415	
56,40.2643,-74.3553	
60,40.5707,-74.2771	
62,41.1578,-73.2603	
66,40.8839,-74.0038	
68,40.8235,-74.1095	
70,40.7107,-73.9475	
71,41.0401,-73.5848	
74,40.9967,-73.7783	
75,42.1166,-72.0666	
78,40.8742,-73.1578	
79,40.7284,-74.0002	
81,40.7491,-73.6325	
82,41.5189,-72.8152	
87,40.7105,-73.8389	
95,41.0093,-74.1117	
97,40.8548,-73.9098	
98,40.5945,-74.6245	
