1,40.704,-74.3377	
4,40.7709,-73.2822	
5,40.7784,-73.9605	
6,40.6423,-73.9542	
7,40.5024,-74.4346	
8,40.7837,-73.1368	
9,41.1061,-73.425	
13,40.7696,-73.8725	
17,40.6739,-73.73	
18,40.6945,-74.1766	
19,40.9162,-72.7006	
23,40.2873,-74.1144	
24,40.756,-73.9818	
25,40.2256,-74.5845	
27,40.7997,-74.2372	
29,41.2038,-73.7818	
38,40.7954,-73.5459	
39,40.7538,-73.756	
40,41.2817,-72.9803	
41,40.8036,-74.4352	
44,40.3301,-74.6445	
48,40.6461,-73.7842	
50,40.6829,-73.9849	
52,40.6667,-73.6028	
54,40.7771,-73.4431	
56,40.2643,-74.3553	
60,40.5654,-74.2772	
62,41.1578,-73.2603	
66,40.8858,-73.9997	
68,40.8168,-74.0919	
70,40.7106,-73.9476	
71,41.0394,-73.5865	
74,40.992,-73.7828	
75,42.1166,-72.0666	
78,40.8742,-73.1578	
79,40.7281,-74.0003	
81,40.7497,-73.636	
82,41.5189,-72.8152	
87,40.7081,-73.8432	
95,41.0104,-74.1075	
97,40.8522,-73.912	
98,40.5945,-74.6245	
