1,40.7193,-74.5515	
4,40.79,-73.2332	
5,40.8915,-73.9303	
6,40.5848,-73.8204	
7,40.4483,-74.431	
8,40.782,-73.1255	
9,41.1613,-73.2838	
13,40.8893,-73.845	
17,40.6161,-73.737	
18,40.5658,-74.273	
19,40.9162,-72.7006	
23,40.2639,-74.101	
24,40.7454,-73.9788	
25,40.2423,-74.5555	
27,40.6958,-74.3555	
29,41.3468,-73.9144	
38,40.977,-73.5036	
39,40.663,-73.6606	
40,41.2339,-73.0405	
41,40.8175,-74.4564	
44,40.2472,-74.639	
48,40.6568,-73.7879	
50,40.6496,-73.9833	
52,40.6831,-73.4217	
54,40.783,-73.3765	
56,40.2643,-74.3553	
60,40.5122,-74.4037	
62,41.1627,-73.2081	
66,41.0847,-74.0627	
68,40.8584,-74.2712	
70,40.6326,-73.9248	
71,41.0637,-73.5258	
74,41.206,-73.7026	
75,42.1166,-72.0666	
78,40.9013,-73.0979	
79,40.7122,-74.0321	
81,40.744,-73.5723	
82,41.4223,-72.8709	
87,40.854,-73.6745	
95,41.0967,-74.1545	
97,41.0474,-73.8093	
98,40.5216,-74.6267	
