1,40.6931,-74.3676	
4,40.7709,-73.2822	
5,40.7804,-73.9591	
6,40.6404,-73.9537	
7,40.4967,-74.4356	
8,40.7837,-73.1368	
9,41.1061,-73.425	
13,40.7693,-73.8726	
17,40.6626,-73.7148	
18,40.6946,-74.1766	
19,40.9162,-72.7006	
23,40.2873,-74.1144	
24,40.757,-73.981	
25,40.2256,-74.5845	
27,40.761,-74.2683	
29,41.2747,-73.805	
38,40.7973,-73.5455	
39,40.7576,-73.7361	
40,41.2817,-72.9803	
41,40.809,-74.4328	
44,40.3301,-74.6445	
48,40.6462,-73.7842	
50,40.6828,-73.9845	
52,40.6683,-73.5732	
54,40.782,-73.4411	
56,40.2643,-74.3553	
60,40.5747,-74.2775	
62,41.1578,-73.2603	
66,40.8812,-74.0075	
68,40.8238,-74.1328	
70,40.7108,-73.9473	
71,41.0444,-73.5788	
74,41.0094,-73.7645	
75,42.1166,-72.0666	
78,40.8742,-73.1578	
79,40.7287,-74.0	
81,40.7451,-73.6288	
82,41.5189,-72.8152	
87,40.7137,-73.8325	
95,41.0093,-74.1117	
97,40.8614,-73.9032	
98,40.5917,-74.6292	
