1,40.6937,-74.5291	
4,40.7858,-73.2629	
5,40.8185,-73.935	
6,40.5897,-73.8369	
7,40.4454,-74.4378	
8,40.7913,-73.1339	
9,41.1276,-73.3801	
13,40.7841,-73.8655	
17,40.6426,-73.7281	
18,40.6928,-74.1783	
19,40.9162,-72.7006	
23,40.2873,-74.1144	
24,40.7538,-73.9792	
25,40.2256,-74.5845	
27,40.7124,-74.3174	
29,41.3123,-73.9068	
38,40.8601,-73.5047	
39,40.7124,-73.6878	
40,41.2589,-72.9944	
41,40.8075,-74.4298	
44,40.3301,-74.6445	
48,40.6564,-73.7893	
50,40.6809,-73.9792	
52,40.6971,-73.4551	
54,40.7902,-73.4479	
56,40.2643,-74.3553	
60,40.5338,-74.3679	
62,41.1646,-73.2331	
66,40.9509,-74.0589	
68,40.8134,-74.1792	
70,40.6884,-73.9268	
71,41.0446,-73.5706	
74,41.1892,-73.7196	
75,42.1166,-72.0666	
78,40.8929,-73.1167	
79,40.7233,-74.0049	
81,40.7455,-73.5901	
82,41.4825,-72.8423	
87,40.7837,-73.7221	
95,41.0334,-74.1698	
97,41.0152,-73.763	
98,40.5744,-74.6302	
